0 0.439680 0.659561 0.409399 0.679587
0 0.555717 0.168766 0.147287 0.336886
0 0.732316 0.918928 0.096415 0.162145
0 0.846415 0.963501 0.074612 0.051034
8 0.126938 0.156815 0.251938 0.312984
8 0.327519 0.068960 0.195736 0.137274
8 0.755814 0.164567 0.488372 0.328488
8 0.944041 0.137435 0.111919 0.274225
8 0.840843 0.534884 0.318314 0.930233
8 0.924419 0.914083 0.151163 0.171835
8 0.747335 0.835594 0.505329 0.328811
8 0.365310 0.912468 0.270349 0.175065
8 0.084181 0.926034 0.167878 0.147933
8 0.042515 0.741279 0.084545 0.228036
8 0.217660 0.788760 0.434835 0.422481
8 0.214995 0.466085 0.429506 0.726744
