8 0.100291 0.158269 0.199612 0.311370
8 0.364099 0.146479 0.505814 0.292313
8 0.704578 0.145026 0.354409 0.286176
8 0.872456 0.147287 0.252665 0.290698
8 0.869065 0.313469 0.261870 0.586886
0 0.421027 0.605620 0.841570 0.308786
8 0.619792 0.430879 0.354409 0.463824
8 0.187742 0.391150 0.344961 0.397287
8 0.050024 0.495963 0.093750 0.150840
8 0.129966 0.820090 0.253634 0.346899
8 0.069162 0.968669 0.137839 0.062661
8 0.392926 0.780846 0.491764 0.438307
8 0.851623 0.745801 0.296754 0.508398
0 0.945736 0.920220 0.108527 0.159561
0 0.366158 0.444929 0.217297 0.327842
