3 0.157946 0.283269 0.315407 0.535530
0 0.660974 0.213340 0.281734 0.317506
0 0.732800 0.455103 0.057171 0.127261
0 0.705669 0.656492 0.450581 0.447997
0 0.814438 0.969315 0.036337 0.061370
0 0.816013 0.837855 0.029797 0.076227
8 0.885538 0.785207 0.228924 0.429587
8 0.943677 0.498708 0.112645 0.043928
8 0.929990 0.108850 0.140019 0.216408
8 0.777616 0.071382 0.364826 0.138889
8 0.778585 0.308140 0.442829 0.593023
8 0.549782 0.727552 0.387355 0.544897
8 0.358648 0.849806 0.447432 0.300388
8 0.203973 0.760336 0.401163 0.479328
8 0.127665 0.529716 0.254845 0.218346
8 0.350533 0.353844 0.305233 0.441537
8 0.442951 0.170058 0.339874 0.339470
8 0.145954 0.938953 0.291424 0.122093
8 0.227108 0.040213 0.453731 0.079780
8 0.089632 0.148740 0.178779 0.179264
8 0.125969 0.328004 0.251453 0.182494
8 0.120518 0.828650 0.240552 0.243863
