8 0.099201 0.066860 0.197917 0.133075
0 0.206032 0.060401 0.060804 0.120155
0 0.290577 0.122255 0.066134 0.100452
8 0.396076 0.173288 0.383236 0.345930
8 0.894622 0.090278 0.210756 0.179910
8 0.813953 0.358850 0.372093 0.716408
8 0.962936 0.365956 0.074128 0.260336
8 0.849079 0.819444 0.301841 0.361111
0 0.111676 0.294574 0.221415 0.237726
0 0.243944 0.284884 0.063469 0.094315
0 0.252422 0.458010 0.180233 0.187339
0 0.335998 0.621124 0.185562 0.206072
0 0.447190 0.485142 0.158915 0.316537
0 0.465116 0.799096 0.080426 0.112403
0 0.232558 0.858850 0.230620 0.282300
0 0.067829 0.902939 0.135174 0.111434
8 0.082970 0.411176 0.165455 0.310078
8 0.144743 0.697836 0.289002 0.595930
8 0.347384 0.899386 0.382752 0.201227
8 0.344961 0.356266 0.375484 0.697674
8 0.644622 0.611111 0.710756 0.777778
